1	3
1	49
1	63
1	68
1	70
1	74
1	78
1	79
1	81
1	83
1	87
1	89
2	21
2	23
2	53
2	68
2	70
2	72
2	74
2	78
2	79
2	81
2	83
3	1
3	30
3	40
3	43
3	53
3	68
3	72
3	74
3	79
3	81
3	83
3	93
4	27
4	46
4	53
4	63
4	70
4	72
4	73
4	78
4	81
4	83
4	93
4	94
5	75
5	76
5	79
5	82
5	88
5	89
5	91
5	94
5	96
5	98
5	99
5	100
6	38
6	54
6	55
6	66
6	67
6	71
6	92
6	94
6	95
6	98
6	99
6	209
7	28
7	31
7	32
7	33
7	37
7	38
7	41
7	44
7	45
7	50
7	51
7	56
8	12
8	19
8	36
8	52
8	55
8	58
8	59
8	65
8	66
8	67
8	71
8	97
9	43
9	48
9	60
9	62
9	63
9	68
9	72
9	74
9	78
9	79
9	81
9	83
10	13
10	18
10	22
10	31
10	38
10	44
10	47
10	50
10	51
10	56
10	95
10	100
11	69
11	70
11	84
11	86
11	88
11	89
11	90
11	91
11	96
11	98
11	99
11	100
12	8
12	26
12	42
12	52
12	54
12	58
12	59
12	65
12	66
12	67
12	71
12	76
13	10
13	18
13	28
13	38
13	41
13	44
13	45
13	47
13	50
13	51
13	56
13	94
14	20
14	24
14	39
14	42
14	52
14	58
14	64
14	65
14	66
14	67
14	71
14	97
15	34
15	46
15	68
15	70
15	72
15	73
15	78
15	79
15	81
15	83
15	93
15	97
16	66
16	84
16	85
16	88
16	89
16	91
16	92
16	95
16	96
16	98
16	99
16	100
17	18
17	22
17	31
17	33
17	37
17	44
17	45
17	47
17	50
17	51
17	56
17	88
17	93
18	10
18	13
18	17
18	22
18	33
18	37
18	44
18	45
18	47
18	50
18	51
18	56
18	97
19	8
19	29
19	52
19	54
19	55
19	58
19	59
19	65
19	66
19	67
19	71
19	84
19	97
20	14
20	39
20	42
20	52
20	54
20	55
20	59
20	65
20	66
20	67
20	71
20	86
20	97
21	2
21	30
21	49
21	53
21	63
21	68
21	73
21	74
21	78
21	79
21	81
21	83
21	100
22	10
22	17
22	18
22	28
22	38
22	41
22	44
22	45
22	47
22	51
22	56
22	63
22	95
23	2
23	48
23	60
23	63
23	68
23	70
23	72
23	74
23	78
23	79
23	81
23	83
23	91
24	14
24	26
24	39
24	42
24	52
24	54
24	58
24	59
24	65
24	66
24	71
24	83
24	86
25	70
25	76
25	82
25	85
25	86
25	87
25	89
25	90
25	95
25	96
25	98
25	99
25	100
26	12
26	24
26	29
26	39
26	54
26	55
26	58
26	59
26	65
26	66
26	67
26	90
26	97
27	4
27	34
27	49
27	53
27	60
27	68
27	70
27	73
27	74
27	78
27	79
27	83
27	93
27	96
28	7
28	13
28	22
28	37
28	38
28	41
28	44
28	47
28	50
28	51
28	56
28	91
28	94
28	161
29	19
29	26
29	39
29	52
29	54
29	55
29	58
29	59
29	65
29	66
29	67
29	71
29	82
29	97
30	3
30	21
30	49
30	60
30	72
30	73
30	74
30	78
30	79
30	81
30	83
30	93
30	95
30	97
31	7
31	10
31	17
31	33
31	37
31	38
31	41
31	44
31	45
31	47
31	50
31	51
31	56
31	62
32	7
32	55
32	80
32	84
32	88
32	91
32	92
32	93
32	94
32	96
32	97
32	98
32	99
32	100
33	7
33	17
33	18
33	31
33	37
33	41
33	44
33	45
33	47
33	50
33	51
33	56
33	87
33	98
34	15
34	27
34	39
34	48
34	49
34	53
34	61
34	63
34	68
34	72
34	73
34	78
34	79
34	81
34	83
35	42
35	80
35	86
35	87
35	88
35	89
35	90
35	91
35	92
35	94
35	96
35	97
35	98
35	99
35	100
36	8
36	69
36	82
36	86
36	87
36	89
36	90
36	91
36	92
36	93
36	94
36	95
36	98
36	99
36	100
37	7
37	17
37	18
37	28
37	31
37	33
37	41
37	44
37	45
37	47
37	50
37	51
37	56
37	89
37	95
38	6
38	7
38	10
38	13
38	22
38	28
38	31
38	41
38	44
38	45
38	47
38	50
38	51
38	56
38	68
39	14
39	20
39	24
39	26
39	29
39	34
39	52
39	55
39	58
39	59
39	65
39	66
39	67
39	71
39	97
39	100
40	3
40	51
40	64
40	67
40	84
40	85
40	87
40	89
40	90
40	91
40	94
40	95
40	96
40	98
40	99
40	100
41	7
41	13
41	22
41	28
41	31
41	33
41	37
41	38
41	44
41	45
41	47
41	50
41	51
41	56
41	79
41	82
42	12
42	14
42	20
42	24
42	35
42	52
42	54
42	55
42	58
42	59
42	65
42	66
42	67
42	71
42	85
42	97
43	3
43	9
43	46
43	48
43	60
43	63
43	68
43	70
43	72
43	73
43	74
43	78
43	79
43	80
43	81
43	92
43	212
44	7
44	10
44	13
44	17
44	18
44	22
44	28
44	31
44	33
44	37
44	38
44	41
44	45
44	47
44	50
44	56
44	86
45	7
45	13
45	17
45	18
45	22
45	31
45	33
45	37
45	38
45	41
45	44
45	47
45	50
45	51
45	56
45	67
45	93
46	4
46	15
46	43
46	48
46	49
46	53
46	63
46	68
46	70
46	72
46	73
46	74
46	79
46	81
46	83
46	85
46	86
47	10
47	13
47	17
47	18
47	22
47	28
47	31
47	33
47	37
47	38
47	41
47	44
47	45
47	50
47	51
47	56
47	97
48	9
48	23
48	34
48	43
48	46
48	49
48	60
48	63
48	70
48	71
48	72
48	74
48	78
48	79
48	81
48	83
48	88
48	93
49	1
49	21
49	27
49	30
49	34
49	46
49	48
49	53
49	60
49	70
49	72
49	73
49	78
49	79
49	80
49	81
49	83
49	99
50	7
50	10
50	13
50	17
50	18
50	28
50	31
50	33
50	37
50	38
50	41
50	44
50	45
50	47
50	51
50	56
50	57
50	75
51	7
51	10
51	13
51	17
51	18
51	22
51	28
51	31
51	33
51	37
51	38
51	40
51	41
51	45
51	47
51	50
51	56
51	75
52	8
52	12
52	14
52	19
52	20
52	24
52	29
52	39
52	42
52	54
52	55
52	58
52	59
52	65
52	66
52	67
52	71
52	76
52	97
53	2
53	3
53	4
53	21
53	27
53	34
53	46
53	49
53	60
53	63
53	68
53	70
53	72
53	74
53	78
53	79
53	83
53	94
53	100
54	6
54	12
54	19
54	20
54	24
54	26
54	29
54	42
54	52
54	55
54	58
54	59
54	65
54	66
54	67
54	71
54	87
54	97
54	99
55	6
55	8
55	19
55	20
55	26
55	29
55	32
55	39
55	42
55	52
55	54
55	58
55	59
55	65
55	66
55	67
55	71
55	92
55	97
56	7
56	10
56	13
56	17
56	18
56	22
56	28
56	31
56	33
56	37
56	38
56	41
56	44
56	45
56	47
56	50
56	51
56	91
56	92
57	50
57	64
57	69
57	74
57	77
57	80
57	82
57	85
57	86
57	87
57	88
57	90
57	91
57	92
57	94
57	95
57	96
57	98
57	99
57	100
58	8
58	12
58	14
58	19
58	24
58	26
58	29
58	39
58	42
58	52
58	54
58	55
58	59
58	65
58	66
58	67
58	71
58	80
58	97
58	98
59	8
59	12
59	19
59	20
59	24
59	26
59	29
59	39
59	42
59	52
59	54
59	55
59	58
59	65
59	66
59	67
59	71
59	79
59	91
59	97
60	9
60	23
60	27
60	30
60	43
60	48
60	49
60	53
60	63
60	70
60	72
60	73
60	74
60	77
60	78
60	79
60	81
60	83
60	93
60	98
61	34
61	64
61	75
61	80
61	81
61	84
61	85
61	86
61	87
61	88
61	89
61	90
61	92
61	93
61	94
61	95
61	96
61	98
61	99
61	100
62	9
62	31
62	75
62	76
62	77
62	84
62	85
62	86
62	87
62	88
62	89
62	90
62	91
62	92
62	94
62	95
62	96
62	98
62	99
62	100
62	181
63	1
63	4
63	9
63	21
63	22
63	23
63	34
63	43
63	46
63	48
63	53
63	60
63	68
63	69
63	70
63	72
63	73
63	74
63	79
63	81
63	83
64	14
64	40
64	57
64	61
64	75
64	76
64	77
64	80
64	81
64	82
64	84
64	85
64	86
64	87
64	90
64	92
64	94
64	95
64	96
64	99
64	100
65	8
65	12
65	14
65	19
65	20
65	24
65	26
65	29
65	39
65	42
65	52
65	54
65	55
65	58
65	59
65	66
65	67
65	71
65	84
65	97
65	99
66	6
66	8
66	12
66	14
66	16
66	19
66	20
66	24
66	26
66	29
66	39
66	42
66	52
66	54
66	55
66	58
66	59
66	65
66	67
66	71
66	85
67	6
67	8
67	12
67	14
67	19
67	20
67	26
67	29
67	39
67	40
67	42
67	45
67	52
67	54
67	55
67	58
67	59
67	65
67	66
67	71
67	93
67	97
68	1
68	2
68	3
68	9
68	15
68	21
68	23
68	27
68	34
68	38
68	43
68	46
68	53
68	63
68	70
68	73
68	74
68	79
68	81
68	83
68	88
68	93
69	11
69	36
69	57
69	63
69	72
69	77
69	80
69	85
69	86
69	87
69	88
69	89
69	90
69	91
69	92
69	94
69	95
69	96
69	97
69	98
69	99
69	100
70	1
70	2
70	4
70	11
70	15
70	23
70	25
70	27
70	43
70	46
70	48
70	49
70	53
70	60
70	63
70	68
70	72
70	73
70	79
70	81
70	83
70	93
71	6
71	8
71	12
71	14
71	19
71	20
71	24
71	29
71	39
71	42
71	48
71	52
71	54
71	55
71	58
71	59
71	65
71	66
71	67
71	75
71	76
71	97
72	2
72	3
72	4
72	9
72	15
72	23
72	30
72	34
72	43
72	46
72	48
72	49
72	53
72	60
72	63
72	69
72	70
72	73
72	74
72	78
72	81
72	82
72	83
73	4
73	15
73	21
73	27
73	30
73	34
73	43
73	46
73	49
73	60
73	63
73	68
73	70
73	72
73	74
73	78
73	79
73	81
73	83
73	84
73	90
73	93
73	96
74	1
74	2
74	3
74	9
74	21
74	23
74	27
74	30
74	43
74	46
74	48
74	53
74	57
74	60
74	63
74	68
74	72
74	73
74	78
74	81
74	83
74	90
74	93
75	5
75	50
75	51
75	61
75	62
75	64
75	71
75	76
75	77
75	80
75	82
75	84
75	85
75	86
75	87
75	88
75	89
75	90
75	92
75	94
75	95
75	96
75	98
75	99
75	100
76	5
76	12
76	25
76	52
76	62
76	64
76	71
76	75
76	77
76	82
76	84
76	85
76	86
76	87
76	88
76	89
76	90
76	91
76	92
76	94
76	95
76	96
76	98
76	99
76	100
77	57
77	60
77	62
77	64
77	69
77	75
77	76
77	78
77	80
77	82
77	84
77	85
77	86
77	87
77	88
77	89
77	90
77	91
77	92
77	94
77	95
77	96
77	98
77	99
77	100
78	1
78	2
78	4
78	9
78	15
78	21
78	23
78	27
78	30
78	34
78	43
78	48
78	49
78	53
78	60
78	72
78	73
78	74
78	77
78	79
78	81
78	83
78	90
78	93
78	96
79	1
79	2
79	3
79	5
79	9
79	15
79	21
79	23
79	27
79	30
79	34
79	41
79	43
79	46
79	48
79	49
79	53
79	59
79	60
79	63
79	68
79	70
79	73
79	78
79	81
79	83
79	93
80	32
80	35
80	43
80	49
80	57
80	58
80	61
80	64
80	69
80	75
80	77
80	82
80	84
80	85
80	86
80	87
80	88
80	89
80	90
80	91
80	92
80	94
80	95
80	96
80	98
80	99
80	100
80	291
81	1
81	2
81	3
81	4
81	9
81	15
81	21
81	23
81	30
81	34
81	43
81	46
81	48
81	49
81	60
81	61
81	63
81	64
81	68
81	70
81	72
81	73
81	74
81	78
81	79
81	83
81	92
81	93
82	5
82	25
82	29
82	36
82	41
82	57
82	64
82	72
82	75
82	76
82	77
82	80
82	84
82	85
82	86
82	87
82	88
82	89
82	90
82	91
82	92
82	93
82	94
82	95
82	96
82	98
82	99
82	100
83	1
83	2
83	3
83	4
83	9
83	15
83	21
83	23
83	24
83	27
83	30
83	34
83	46
83	48
83	49
83	53
83	60
83	63
83	68
83	70
83	72
83	73
83	74
83	78
83	79
83	81
83	89
83	93
83	98
84	11
84	16
84	19
84	32
84	40
84	61
84	62
84	64
84	65
84	73
84	75
84	76
84	77
84	80
84	82
84	85
84	86
84	87
84	88
84	89
84	90
84	91
84	92
84	94
84	95
84	96
84	97
84	98
84	99
84	100
85	16
85	25
85	40
85	42
85	46
85	57
85	61
85	62
85	64
85	66
85	69
85	75
85	76
85	77
85	80
85	82
85	84
85	86
85	87
85	88
85	89
85	90
85	91
85	92
85	94
85	95
85	96
85	97
85	98
85	99
85	100
86	11
86	20
86	24
86	25
86	35
86	36
86	44
86	46
86	57
86	61
86	62
86	64
86	69
86	75
86	76
86	77
86	80
86	82
86	84
86	85
86	87
86	88
86	89
86	90
86	91
86	92
86	93
86	94
86	95
86	97
86	98
86	99
86	100
87	1
87	25
87	33
87	35
87	36
87	40
87	54
87	57
87	61
87	62
87	64
87	69
87	75
87	76
87	77
87	80
87	82
87	84
87	85
87	86
87	88
87	89
87	90
87	91
87	92
87	93
87	94
87	95
87	96
87	97
87	98
87	99
87	100
88	5
88	11
88	16
88	17
88	32
88	35
88	48
88	57
88	61
88	62
88	68
88	69
88	75
88	76
88	77
88	80
88	82
88	84
88	85
88	86
88	87
88	89
88	90
88	91
88	92
88	93
88	94
88	95
88	96
88	97
88	98
88	99
88	100
89	1
89	5
89	11
89	16
89	25
89	35
89	36
89	37
89	40
89	61
89	62
89	69
89	75
89	76
89	77
89	80
89	82
89	83
89	84
89	85
89	86
89	87
89	88
89	90
89	91
89	92
89	93
89	94
89	95
89	96
89	98
89	99
89	100
90	11
90	25
90	26
90	35
90	36
90	40
90	57
90	61
90	62
90	64
90	69
90	73
90	74
90	75
90	76
90	77
90	78
90	80
90	82
90	84
90	85
90	86
90	87
90	88
90	89
90	91
90	92
90	94
90	95
90	96
90	97
90	98
90	99
90	100
91	5
91	11
91	16
91	23
91	28
91	32
91	35
91	36
91	40
91	56
91	57
91	59
91	62
91	69
91	76
91	77
91	80
91	82
91	84
91	85
91	86
91	87
91	88
91	89
91	90
91	92
91	93
91	94
91	95
91	96
91	97
91	98
91	99
91	100
92	6
92	16
92	32
92	35
92	36
92	43
92	55
92	56
92	57
92	61
92	62
92	64
92	69
92	75
92	76
92	77
92	80
92	81
92	82
92	84
92	85
92	86
92	87
92	88
92	89
92	90
92	91
92	94
92	95
92	96
92	97
92	98
92	99
92	100
93	3
93	4
93	15
93	17
93	27
93	30
93	32
93	36
93	45
93	48
93	60
93	61
93	67
93	68
93	70
93	73
93	74
93	78
93	79
93	81
93	82
93	83
93	86
93	87
93	88
93	89
93	91
93	94
93	95
93	96
93	97
93	98
93	99
93	100
94	4
94	5
94	6
94	13
94	28
94	32
94	35
94	36
94	40
94	53
94	57
94	61
94	62
94	64
94	69
94	75
94	76
94	77
94	80
94	82
94	84
94	85
94	86
94	87
94	88
94	89
94	90
94	91
94	92
94	93
94	95
94	96
94	98
94	99
94	100
95	6
95	10
95	16
95	22
95	25
95	30
95	36
95	37
95	40
95	57
95	61
95	62
95	64
95	69
95	75
95	76
95	77
95	80
95	82
95	84
95	85
95	86
95	87
95	88
95	89
95	90
95	91
95	92
95	93
95	94
95	96
95	97
95	98
95	99
95	100
96	5
96	11
96	16
96	25
96	27
96	32
96	35
96	40
96	57
96	61
96	62
96	64
96	69
96	73
96	75
96	76
96	77
96	78
96	80
96	82
96	84
96	85
96	87
96	88
96	89
96	90
96	91
96	92
96	93
96	94
96	95
96	97
96	98
96	99
96	100
96	244
97	8
97	14
97	15
97	18
97	19
97	20
97	26
97	29
97	30
97	32
97	35
97	39
97	42
97	47
97	52
97	54
97	55
97	58
97	59
97	65
97	67
97	69
97	71
97	84
97	85
97	86
97	87
97	88
97	90
97	91
97	92
97	93
97	95
97	96
97	98
97	99
97	100
98	5
98	6
98	11
98	16
98	25
98	32
98	33
98	35
98	36
98	40
98	57
98	58
98	60
98	61
98	62
98	69
98	75
98	76
98	77
98	80
98	82
98	83
98	84
98	85
98	86
98	87
98	88
98	89
98	90
98	91
98	92
98	93
98	94
98	95
98	96
98	97
98	99
98	100
99	5
99	6
99	11
99	16
99	25
99	32
99	35
99	36
99	40
99	49
99	54
99	57
99	61
99	62
99	64
99	65
99	69
99	75
99	76
99	77
99	80
99	82
99	84
99	85
99	86
99	87
99	88
99	89
99	90
99	91
99	92
99	93
99	94
99	95
99	96
99	97
99	98
99	100
100	5
100	10
100	11
100	16
100	21
100	25
100	32
100	35
100	36
100	39
100	40
100	53
100	57
100	61
100	62
100	64
100	69
100	75
100	76
100	77
100	80
100	82
100	84
100	85
100	86
100	87
100	88
100	89
100	90
100	91
100	92
100	93
100	94
100	95
100	96
100	97
100	98
100	99
100	116
101	145
101	157
101	163
101	164
101	167
101	178
101	182
101	184
101	185
101	187
101	188
101	194
102	168
102	180
102	190
102	191
102	192
102	193
102	194
102	196
102	198
102	199
102	200
103	116
103	142
103	143
103	144
103	147
103	159
103	166
103	175
103	176
103	177
103	183
103	192
104	108
104	130
104	161
104	163
104	171
104	173
104	178
104	182
104	184
104	185
104	187
104	188
105	118
105	131
105	167
105	173
105	178
105	182
105	184
105	185
105	187
105	188
105	194
105	200
106	114
106	141
106	142
106	144
106	148
106	159
106	160
106	166
106	175
106	181
106	183
106	193
107	130
107	165
107	178
107	181
107	186
107	189
107	190
107	192
107	194
107	197
107	198
107	199
108	104
108	161
108	162
108	164
108	167
108	169
108	173
108	179
108	182
108	184
108	185
108	188
108	200
109	131
109	161
109	163
109	173
109	178
109	179
109	180
109	182
109	184
109	185
109	187
109	188
109	195
110	131
110	134
110	161
110	163
110	173
110	178
110	179
110	182
110	184
110	185
110	187
110	188
110	200
111	120
111	126
111	128
111	134
111	138
111	146
111	158
111	168
111	186
111	192
111	194
111	198
111	199
112	138
112	147
112	165
112	177
112	180
112	181
112	190
112	193
112	194
112	195
112	196
112	197
112	198
113	124
113	163
113	164
113	171
113	173
113	178
113	179
113	182
113	184
113	185
113	187
113	188
113	197
114	106
114	139
114	140
114	141
114	144
114	148
114	151
114	155
114	159
114	168
114	175
114	176
114	183
115	118
115	129
115	150
115	164
115	167
115	178
115	179
115	182
115	184
115	185
115	187
115	188
115	200
116	100
116	103
116	135
116	141
116	146
116	147
116	151
116	155
116	159
116	160
116	175
116	176
116	183
117	127
117	138
117	150
117	165
117	168
117	174
117	186
117	189
117	190
117	191
117	193
117	196
117	199
118	105
118	115
118	122
118	163
118	164
118	173
118	174
118	178
118	179
118	182
118	184
118	187
118	188
118	196
119	148
119	153
119	155
119	169
119	170
119	172
119	174
119	181
119	186
119	191
119	193
119	195
119	197
119	199
120	111
120	125
120	132
120	138
120	156
120	167
120	168
120	181
120	185
120	189
120	195
120	198
120	199
120	200
121	139
121	140
121	146
121	147
121	151
121	155
121	159
121	166
121	171
121	175
121	176
121	183
121	195
121	196
122	118
122	154
122	162
122	163
122	164
122	167
122	173
122	178
122	179
122	184
122	185
122	187
122	188
122	200
123	136
123	139
123	143
123	146
123	148
123	151
123	155
123	160
123	166
123	171
123	175
123	176
123	183
123	191
124	113
124	131
124	135
124	145
124	154
124	167
124	178
124	179
124	182
124	184
124	185
124	187
124	188
124	189
125	120
125	137
125	157
125	166
125	186
125	190
125	191
125	192
125	193
125	194
125	196
125	197
125	198
125	199
126	111
126	127
126	132
126	134
126	155
126	169
126	170
126	177
126	186
126	189
126	191
126	192
126	193
126	194
126	196
127	117
127	126
127	134
127	157
127	158
127	161
127	165
127	186
127	192
127	195
127	196
127	197
127	198
127	199
127	200
128	111
128	137
128	153
128	157
128	160
128	180
128	186
128	189
128	193
128	194
128	195
128	196
128	197
128	198
128	199
129	115
129	154
129	161
129	164
129	167
129	173
129	178
129	179
129	182
129	184
129	185
129	187
129	188
129	194
129	200
130	104
130	107
130	132
130	135
130	137
130	156
130	157
130	165
130	174
130	190
130	192
130	197
130	198
130	199
130	200
131	105
131	109
131	110
131	124
131	154
131	163
131	164
131	167
131	174
131	182
131	184
131	185
131	187
131	188
131	200
132	120
132	126
132	130
132	139
132	170
132	177
132	179
132	180
132	191
132	192
132	194
132	195
132	196
132	198
132	199
133	157
133	162
133	170
133	176
133	181
133	186
133	189
133	190
133	191
133	193
133	194
133	195
133	196
133	197
133	198
133	199
134	110
134	111
134	126
134	127
134	162
134	169
134	170
134	174
134	180
134	181
134	186
134	190
134	191
134	195
134	196
134	198
135	116
135	124
135	130
135	145
135	154
135	156
135	157
135	161
135	162
135	173
135	185
135	187
135	190
135	193
135	194
135	197
136	123
136	139
136	142
136	144
136	147
136	148
136	149
136	151
136	155
136	160
136	162
136	166
136	171
136	175
136	176
136	183
137	125
137	128
137	130
137	141
137	177
137	180
137	181
137	189
137	192
137	194
137	195
137	196
137	197
137	198
137	199
138	111
138	112
138	117
138	120
138	168
138	169
138	175
138	180
138	187
138	191
138	192
138	193
138	194
138	195
138	196
138	197
139	114
139	121
139	123
139	132
139	136
139	142
139	143
139	149
139	151
139	155
139	159
139	160
139	170
139	175
139	176
139	183
140	114
140	121
140	142
140	143
140	144
140	146
140	149
140	151
140	155
140	159
140	165
140	166
140	175
140	176
140	183
140	199
141	106
141	114
141	116
141	137
141	143
141	146
141	147
141	148
141	149
141	159
141	160
141	166
141	171
141	175
141	176
141	183
141	186
142	103
142	106
142	136
142	139
142	140
142	143
142	144
142	146
142	155
142	159
142	160
142	166
142	169
142	175
142	176
142	183
142	191
143	103
143	123
143	139
143	140
143	141
143	142
143	144
143	147
143	149
143	155
143	159
143	166
143	171
143	174
143	175
143	176
143	199
144	103
144	106
144	114
144	136
144	140
144	142
144	143
144	146
144	147
144	149
144	151
144	152
144	155
144	166
144	175
144	176
144	183
145	101
145	124
145	135
145	154
145	161
145	167
145	173
145	178
145	179
145	182
145	184
145	185
145	187
145	188
145	191
145	195
145	200
146	111
146	116
146	121
146	123
146	140
146	141
146	142
146	144
146	148
146	149
146	155
146	159
146	160
146	166
146	175
146	176
146	183
147	103
147	112
147	116
147	121
147	136
147	141
147	143
147	144
147	148
147	149
147	151
147	155
147	159
147	166
147	176
147	183
147	200
148	106
148	114
148	119
148	123
148	136
148	141
148	146
148	147
148	149
148	151
148	159
148	160
148	166
148	172
148	175
148	176
148	183
149	136
149	139
149	140
149	141
149	143
149	144
149	146
149	147
149	148
149	151
149	160
149	171
149	175
149	176
149	183
149	192
149	197
150	115
150	117
150	158
150	162
150	169
150	172
150	174
150	177
150	181
150	189
150	190
150	191
150	194
150	195
150	196
150	197
150	198
151	114
151	116
151	121
151	123
151	136
151	139
151	140
151	144
151	147
151	148
151	149
151	155
151	160
151	166
151	175
151	176
151	183
151	192
152	144
152	156
152	157
152	158
152	165
152	170
152	172
152	180
152	181
152	189
152	190
152	192
152	193
152	196
152	197
152	198
152	199
152	200
153	119
153	128
153	157
153	162
153	168
153	172
153	175
153	190
153	191
153	192
153	193
153	194
153	195
153	196
153	197
153	198
153	200
154	122
154	124
154	129
154	131
154	135
154	145
154	161
154	164
154	167
154	178
154	179
154	181
154	182
154	184
154	185
154	187
154	188
154	195
154	200
155	114
155	116
155	119
155	121
155	123
155	126
155	136
155	139
155	140
155	142
155	143
155	144
155	146
155	147
155	151
155	160
155	175
155	176
155	183
156	120
156	130
156	135
156	152
156	165
156	172
156	173
156	177
156	180
156	189
156	191
156	193
156	194
156	195
156	196
156	197
156	198
156	199
156	200
157	101
157	125
157	127
157	128
157	130
157	133
157	135
157	152
157	153
157	166
157	174
157	180
157	189
157	190
157	192
157	193
157	194
157	195
157	197
157	199
158	111
158	127
158	150
158	152
158	161
158	168
158	170
158	171
158	180
158	186
158	187
158	189
158	190
158	191
158	194
158	195
158	196
158	197
158	198
158	199
159	103
159	106
159	114
159	116
159	121
159	139
159	140
159	141
159	142
159	143
159	146
159	147
159	148
159	160
159	166
159	171
159	175
159	176
159	183
159	198
160	106
160	116
160	123
160	128
160	136
160	139
160	141
160	142
160	146
160	148
160	149
160	151
160	155
160	159
160	166
160	171
160	175
160	176
160	183
160	200
161	28
161	104
161	108
161	109
161	110
161	127
161	129
161	135
161	145
161	154
161	158
161	164
161	167
161	179
161	182
161	184
161	185
161	187
161	188
161	200
162	108
162	122
162	133
162	134
162	135
162	136
162	150
162	153
162	170
162	172
162	177
162	180
162	181
162	189
162	190
162	191
162	193
162	194
162	197
162	198
162	199
163	101
163	104
163	109
163	110
163	113
163	118
163	122
163	131
163	164
163	167
163	171
163	173
163	178
163	179
163	182
163	184
163	185
163	187
163	188
163	196
163	200
164	101
164	108
164	113
164	115
164	118
164	122
164	129
164	131
164	154
164	161
164	163
164	168
164	172
164	173
164	178
164	179
164	182
164	184
164	185
164	187
164	188
165	107
165	112
165	117
165	127
165	130
165	140
165	152
165	156
165	168
165	172
165	184
165	186
165	189
165	190
165	192
165	194
165	195
165	196
165	197
165	198
165	199
165	200
166	103
166	106
166	121
166	123
166	125
166	136
166	140
166	141
166	142
166	143
166	144
166	146
166	147
166	148
166	151
166	157
166	159
166	160
166	171
166	176
166	183
166	200
167	101
167	105
167	108
167	115
167	120
167	122
167	124
167	129
167	131
167	145
167	154
167	161
167	163
167	173
167	179
167	182
167	184
167	185
167	187
167	188
167	189
167	198
168	102
168	111
168	114
168	117
168	120
168	138
168	153
168	158
168	164
168	165
168	169
168	170
168	177
168	186
168	189
168	190
168	192
168	193
168	194
168	195
168	196
168	197
169	108
169	119
169	126
169	134
169	138
169	142
169	150
169	168
169	172
169	174
169	177
169	180
169	186
169	190
169	192
169	193
169	194
169	195
169	196
169	197
169	198
169	199
170	119
170	126
170	132
170	133
170	134
170	139
170	152
170	158
170	162
170	168
170	172
170	174
170	177
170	180
170	181
170	185
170	186
170	191
170	193
170	196
170	198
170	199
170	200
171	104
171	113
171	121
171	123
171	136
171	141
171	143
171	149
171	158
171	159
171	160
171	163
171	166
171	174
171	177
171	181
171	183
171	190
171	192
171	195
171	196
171	197
171	198
171	199
172	119
172	148
172	150
172	152
172	153
172	156
172	162
172	164
172	165
172	169
172	170
172	174
172	177
172	183
172	186
172	189
172	190
172	191
172	192
172	194
172	195
172	196
172	197
172	198
173	104
173	105
173	108
173	109
173	110
173	113
173	118
173	122
173	129
173	135
173	145
173	156
173	163
173	164
173	167
173	178
173	179
173	182
173	184
173	185
173	187
173	188
173	190
173	197
174	117
174	118
174	119
174	130
174	131
174	134
174	143
174	150
174	157
174	169
174	170
174	171
174	172
174	177
174	181
174	186
174	189
174	190
174	191
174	193
174	194
174	195
174	198
174	199
175	103
175	106
175	114
175	116
175	121
175	123
175	136
175	138
175	139
175	140
175	141
175	142
175	143
175	144
175	146
175	148
175	149
175	151
175	153
175	155
175	159
175	160
175	176
175	181
175	183
176	103
176	114
176	116
176	121
176	123
176	133
176	136
176	139
176	140
176	141
176	142
176	143
176	144
176	146
176	147
176	148
176	149
176	151
176	155
176	159
176	160
176	166
176	175
176	183
176	200
177	103
177	112
177	126
177	132
177	137
177	150
177	156
177	162
177	168
177	169
177	170
177	171
177	172
177	174
177	178
177	180
177	189
177	191
177	192
177	193
177	194
177	195
177	196
177	197
177	198
177	199
178	101
178	104
178	105
178	107
178	109
178	110
178	113
178	115
178	118
178	122
178	124
178	129
178	145
178	154
178	163
178	164
178	173
178	177
178	179
178	182
178	184
178	185
178	186
178	187
178	188
178	200
179	108
179	109
179	110
179	113
179	115
179	118
179	122
179	124
179	129
179	132
179	145
179	154
179	161
179	163
179	164
179	167
179	173
179	178
179	180
179	182
179	184
179	185
179	187
179	188
179	190
179	200
180	102
180	109
180	112
180	128
180	132
180	134
180	137
180	138
180	152
180	156
180	157
180	158
180	162
180	169
180	170
180	177
180	179
180	186
180	190
180	191
180	192
180	193
180	195
180	196
180	199
180	200
181	62
181	106
181	107
181	112
181	119
181	120
181	133
181	134
181	137
181	150
181	152
181	154
181	162
181	170
181	171
181	174
181	175
181	186
181	189
181	191
181	192
181	193
181	194
181	195
181	197
181	198
181	199
181	200
182	101
182	104
182	105
182	108
182	109
182	110
182	113
182	115
182	118
182	124
182	129
182	131
182	145
182	154
182	161
182	163
182	164
182	167
182	173
182	178
182	179
182	184
182	185
182	187
182	188
182	196
182	199
182	200
183	103
183	106
183	114
183	116
183	121
183	123
183	136
183	139
183	140
183	141
183	142
183	144
183	146
183	147
183	148
183	149
183	151
183	155
183	159
183	160
183	166
183	171
183	172
183	175
183	176
183	193
183	198
183	272
184	101
184	104
184	105
184	108
184	109
184	110
184	113
184	115
184	118
184	122
184	124
184	129
184	131
184	145
184	154
184	161
184	163
184	164
184	165
184	167
184	173
184	178
184	179
184	182
184	185
184	187
184	188
184	189
184	193
184	200
185	101
185	104
185	105
185	108
185	109
185	110
185	113
185	115
185	120
185	122
185	124
185	129
185	131
185	135
185	145
185	154
185	161
185	163
185	164
185	167
185	170
185	173
185	178
185	179
185	182
185	184
185	187
185	188
185	192
185	200
186	107
186	111
186	117
186	119
186	125
186	126
186	127
186	128
186	133
186	134
186	141
186	158
186	165
186	168
186	169
186	170
186	172
186	174
186	178
186	180
186	181
186	188
186	191
186	192
186	193
186	195
186	196
186	197
186	198
186	199
187	101
187	104
187	105
187	109
187	110
187	113
187	115
187	118
187	122
187	124
187	129
187	131
187	135
187	138
187	145
187	154
187	158
187	161
187	163
187	164
187	167
187	173
187	178
187	179
187	182
187	184
187	185
187	188
187	198
187	200
187	222
188	101
188	104
188	105
188	108
188	109
188	110
188	113
188	115
188	118
188	122
188	124
188	129
188	131
188	145
188	154
188	161
188	163
188	164
188	167
188	173
188	178
188	179
188	182
188	184
188	185
188	186
188	187
188	190
188	199
188	200
188	228
189	107
189	117
189	120
189	124
189	126
189	128
189	133
189	137
189	150
189	152
189	156
189	157
189	158
189	162
189	165
189	167
189	168
189	172
189	174
189	177
189	181
189	184
189	190
189	191
189	192
189	193
189	194
189	195
189	196
189	198
189	199
189	200
190	102
190	107
190	112
190	117
190	125
190	130
190	133
190	134
190	135
190	150
190	152
190	153
190	157
190	158
190	162
190	165
190	168
190	169
190	171
190	172
190	173
190	174
190	179
190	180
190	188
190	189
190	191
190	192
190	193
190	194
190	195
190	199
191	102
191	117
191	119
191	123
191	125
191	126
191	132
191	133
191	134
191	138
191	142
191	145
191	150
191	153
191	156
191	158
191	162
191	170
191	172
191	174
191	177
191	180
191	181
191	186
191	189
191	190
191	193
191	194
191	195
191	196
191	197
191	199
191	248
192	102
192	103
192	107
192	111
192	125
192	126
192	127
192	130
192	132
192	137
192	138
192	149
192	151
192	152
192	153
192	157
192	165
192	168
192	169
192	171
192	172
192	177
192	180
192	181
192	185
192	186
192	189
192	190
192	193
192	194
192	196
192	197
192	198
192	199
192	200
193	102
193	106
193	112
193	117
193	119
193	125
193	126
193	128
193	133
193	135
193	138
193	152
193	153
193	156
193	157
193	162
193	168
193	169
193	170
193	174
193	177
193	180
193	181
193	183
193	184
193	186
193	189
193	190
193	191
193	192
193	195
193	196
193	197
193	198
193	199
193	200
194	101
194	102
194	105
194	107
194	111
194	112
194	125
194	126
194	128
194	129
194	132
194	133
194	135
194	137
194	138
194	150
194	153
194	156
194	157
194	158
194	162
194	165
194	168
194	169
194	172
194	174
194	177
194	181
194	189
194	190
194	191
194	192
194	196
194	197
194	198
194	199
195	109
195	112
195	119
195	120
195	121
195	127
195	128
195	132
195	133
195	134
195	137
195	138
195	145
195	150
195	153
195	154
195	156
195	157
195	158
195	165
195	168
195	169
195	171
195	172
195	174
195	177
195	180
195	181
195	186
195	189
195	190
195	191
195	193
195	197
195	198
195	199
195	200
196	102
196	112
196	117
196	118
196	121
196	125
196	126
196	127
196	128
196	132
196	133
196	134
196	137
196	138
196	150
196	152
196	153
196	156
196	158
196	163
196	165
196	168
196	169
196	170
196	171
196	172
196	177
196	180
196	182
196	186
196	189
196	191
196	192
196	193
196	194
196	197
196	198
196	200
197	107
197	112
197	113
197	119
197	125
197	127
197	128
197	130
197	133
197	135
197	137
197	138
197	149
197	150
197	152
197	153
197	156
197	157
197	158
197	162
197	165
197	168
197	169
197	171
197	172
197	173
197	177
197	181
197	186
197	191
197	192
197	193
197	194
197	195
197	196
197	198
197	199
198	102
198	107
198	111
198	112
198	120
198	125
198	127
198	128
198	130
198	132
198	133
198	134
198	137
198	150
198	152
198	153
198	156
198	158
198	159
198	162
198	165
198	167
198	169
198	170
198	171
198	172
198	174
198	177
198	181
198	183
198	186
198	187
198	189
198	192
198	193
198	194
198	195
198	196
198	197
198	200
199	102
199	107
199	111
199	117
199	119
199	120
199	125
199	127
199	128
199	130
199	132
199	133
199	137
199	140
199	143
199	152
199	156
199	157
199	158
199	162
199	165
199	169
199	170
199	171
199	174
199	177
199	180
199	181
199	182
199	186
199	188
199	189
199	190
199	191
199	192
199	193
199	194
199	195
199	197
199	200
200	102
200	105
200	108
200	110
200	115
200	120
200	122
200	127
200	129
200	130
200	131
200	145
200	147
200	152
200	153
200	154
200	156
200	160
200	161
200	163
200	165
200	166
200	170
200	176
200	178
200	179
200	180
200	181
200	182
200	184
200	185
200	187
200	188
200	189
200	192
200	193
200	195
200	196
200	198
200	199
201	203
201	230
201	244
201	247
201	256
201	270
201	286
201	288
201	293
201	296
201	297
201	300
202	231
202	264
202	269
202	273
202	280
202	283
202	287
202	292
202	293
202	298
202	299
202	300
203	201
203	212
203	232
203	245
203	254
203	259
203	265
203	277
203	282
203	288
203	292
203	294
204	210
204	218
204	229
204	243
204	266
204	270
204	282
204	291
204	295
204	296
204	297
204	299
205	245
205	250
205	252
205	272
205	283
205	285
205	286
205	288
205	292
205	293
205	296
205	298
206	249
206	259
206	262
206	267
206	274
206	276
206	282
206	285
206	286
206	288
206	293
206	297
207	246
207	249
207	257
207	260
207	261
207	271
207	283
207	290
207	291
207	292
207	293
207	300
208	237
208	244
208	258
208	263
208	264
208	267
208	288
208	289
208	291
208	294
208	297
209	6
209	241
209	250
209	279
209	280
209	281
209	282
209	287
209	290
209	292
209	298
209	300
210	204
210	222
210	225
210	227
210	263
210	266
210	277
210	282
210	284
210	288
210	295
210	297
210	299
211	219
211	229
211	230
211	242
211	262
211	266
211	274
211	276
211	285
211	289
211	293
211	294
211	295
212	43
212	203
212	225
212	226
212	243
212	248
212	254
212	259
212	284
212	285
212	294
212	296
212	299
213	244
213	256
213	266
213	270
213	278
213	282
213	288
213	289
213	291
213	295
213	296
213	297
213	299
214	229
214	258
214	260
214	269
214	278
214	279
214	281
214	287
214	289
214	290
214	293
214	298
214	300
215	220
215	231
215	235
215	250
215	252
215	274
215	278
215	281
215	288
215	290
215	293
215	298
215	299
216	227
216	241
216	245
216	247
216	248
216	254
216	267
216	276
216	277
216	282
216	286
216	291
216	294
217	225
217	226
217	237
217	239
217	240
217	255
217	256
217	265
217	267
217	272
217	282
217	295
217	296
218	204
218	227
218	229
218	234
218	242
218	245
218	259
218	261
218	263
218	264
218	274
218	289
218	296
219	211
219	223
219	229
219	230
219	237
219	239
219	249
219	256
219	266
219	267
219	270
219	277
219	285
219	296
220	215
220	238
220	242
220	251
220	257
220	268
220	279
220	280
220	283
220	287
220	290
220	292
220	299
220	300
221	227
221	238
221	251
221	252
221	260
221	261
221	275
221	278
221	279
221	280
221	281
221	290
221	292
221	296
222	187
222	210
222	223
222	243
222	245
222	250
222	253
222	256
222	259
222	262
222	272
222	285
222	295
222	296
223	219
223	222
223	243
223	244
223	248
223	249
223	256
223	262
223	267
223	278
223	282
223	285
223	289
223	291
224	225
224	243
224	253
224	255
224	264
224	272
224	276
224	277
224	282
224	284
224	286
224	289
224	291
224	296
225	210
225	212
225	217
225	224
225	229
225	253
225	259
225	262
225	267
225	274
225	276
225	289
225	294
225	295
225	297
226	212
226	217
226	232
226	239
226	244
226	261
226	262
226	264
226	265
226	266
226	272
226	277
226	285
226	289
226	296
227	210
227	216
227	218
227	221
227	229
227	237
227	259
227	265
227	270
227	285
227	291
227	295
227	297
227	298
227	299
228	188
228	231
228	233
228	255
228	257
228	268
228	271
228	273
228	275
228	281
228	287
228	288
228	292
228	298
228	299
228	300
229	204
229	211
229	214
229	218
229	219
229	225
229	227
229	243
229	245
229	253
229	264
229	267
229	276
229	277
229	281
229	286
230	201
230	211
230	219
230	244
230	245
230	249
230	256
230	259
230	264
230	270
230	272
230	274
230	276
230	277
230	282
230	284
230	295
231	202
231	215
231	228
231	241
231	258
231	261
231	268
231	271
231	273
231	278
231	279
231	283
231	286
231	287
231	290
231	292
231	300
232	203
232	226
232	239
232	244
232	251
232	262
232	266
232	267
232	270
232	272
232	274
232	284
232	286
232	287
232	289
232	291
232	293
233	228
233	234
233	246
233	250
233	253
233	255
233	257
233	258
233	269
233	273
233	275
233	280
233	287
233	292
233	293
233	298
233	300
234	218
234	233
234	242
234	244
234	245
234	247
234	254
234	262
234	265
234	270
234	284
234	288
234	289
234	295
234	296
234	297
235	215
235	236
235	238
235	241
235	250
235	252
235	255
235	260
235	261
235	263
235	268
235	279
235	290
235	292
235	293
235	297
235	298
235	300
236	235
236	239
236	251
236	252
236	257
236	260
236	268
236	273
236	276
236	278
236	279
236	280
236	281
236	283
236	287
236	290
236	298
236	300
237	208
237	217
237	219
237	227
237	239
237	248
237	270
237	273
237	274
237	282
237	286
237	288
237	289
237	291
237	294
237	295
237	296
237	299
238	220
238	221
238	235
238	246
238	247
238	257
238	261
238	271
238	273
238	275
238	278
238	280
238	281
238	283
238	290
238	292
238	298
238	300
239	217
239	219
239	226
239	232
239	236
239	237
239	240
239	253
239	254
239	258
239	262
239	264
239	276
239	284
239	285
239	286
239	295
239	296
239	297
240	217
240	239
240	245
240	246
240	247
240	248
240	257
240	263
240	265
240	275
240	276
240	280
240	281
240	286
240	290
240	292
240	293
240	294
240	300
241	209
241	216
241	231
241	235
241	251
241	252
241	258
241	260
241	261
241	268
241	271
241	278
241	283
241	287
241	292
241	297
241	298
241	299
241	300
242	211
242	218
242	220
242	234
242	243
242	244
242	249
242	259
242	264
242	266
242	274
242	277
242	282
242	290
242	294
242	295
242	296
242	297
242	299
243	204
243	212
243	222
243	223
243	224
243	229
243	242
243	247
243	248
243	249
243	262
243	264
243	276
243	284
243	285
243	288
243	290
243	291
243	298
244	96
244	201
244	208
244	213
244	223
244	226
244	230
244	232
244	234
244	242
244	248
244	256
244	266
244	276
244	291
244	294
244	297
244	299
245	203
245	205
245	216
245	218
245	222
245	229
245	230
245	234
245	240
245	247
245	253
245	264
245	266
245	267
245	270
245	274
245	286
245	294
245	295
245	297
246	207
246	233
246	238
246	240
246	250
246	255
246	258
246	260
246	269
246	270
246	278
246	279
246	280
246	281
246	283
246	287
246	290
246	295
246	299
246	300
247	201
247	216
247	234
247	238
247	240
247	243
247	245
247	249
247	259
247	263
247	267
247	272
247	274
247	277
247	282
247	285
247	288
247	294
247	296
247	297
248	191
248	212
248	216
248	223
248	237
248	240
248	243
248	244
248	249
248	256
248	263
248	274
248	277
248	281
248	282
248	284
248	286
248	288
248	289
248	295
248	298
249	206
249	207
249	219
249	223
249	230
249	242
249	243
249	247
249	248
249	256
249	265
249	274
249	280
249	285
249	286
249	288
249	294
249	295
249	296
249	297
249	299
250	205
250	209
250	215
250	222
250	233
250	235
250	246
250	251
250	255
250	257
250	258
250	262
250	268
250	271
250	273
250	280
250	283
250	287
250	292
250	298
250	300
251	220
251	221
251	232
251	236
251	241
251	250
251	257
251	258
251	261
251	265
251	269
251	271
251	275
251	278
251	279
251	280
251	283
251	287
251	290
251	292
251	293
251	298
252	205
252	215
252	221
252	235
252	236
252	241
252	260
252	261
252	263
252	271
252	273
252	275
252	278
252	279
252	281
252	283
252	287
252	290
252	293
252	294
252	298
252	299
253	222
253	224
253	225
253	229
253	233
253	239
253	245
253	254
253	263
253	264
253	265
253	270
253	272
253	274
253	280
253	284
253	286
253	288
253	289
253	294
253	296
253	297
254	203
254	212
254	216
254	234
254	239
254	253
254	262
254	263
254	265
254	266
254	267
254	270
254	276
254	282
254	284
254	285
254	289
254	291
254	294
254	299
255	217
255	224
255	228
255	233
255	235
255	246
255	250
255	257
255	260
255	261
255	269
255	273
255	275
255	280
255	281
255	283
255	287
255	289
255	290
255	292
255	298
255	300
256	201
256	213
256	217
256	219
256	222
256	223
256	230
256	244
256	248
256	249
256	259
256	265
256	270
256	276
256	277
256	279
256	284
256	288
256	291
256	295
256	296
257	207
257	220
257	228
257	233
257	236
257	238
257	240
257	250
257	251
257	255
257	260
257	269
257	273
257	275
257	279
257	280
257	281
257	287
257	291
257	293
257	297
257	300
258	208
258	214
258	231
258	233
258	239
258	241
258	246
258	250
258	251
258	260
258	261
258	269
258	271
258	273
258	275
258	278
258	281
258	283
258	287
258	293
258	298
258	299
258	300
259	203
259	206
259	212
259	218
259	222
259	225
259	227
259	230
259	242
259	247
259	256
259	263
259	270
259	272
259	276
259	277
259	284
259	285
259	289
259	295
259	296
259	299
259	300
260	207
260	214
260	221
260	235
260	236
260	241
260	246
260	252
260	255
260	257
260	258
260	268
260	275
260	278
260	279
260	280
260	282
260	292
260	293
260	294
260	298
260	299
260	300
261	207
261	218
261	221
261	226
261	231
261	235
261	238
261	241
261	251
261	252
261	255
261	258
261	268
261	269
261	271
261	273
261	275
261	283
261	290
261	292
261	293
261	298
261	300
262	206
262	211
262	222
262	223
262	225
262	226
262	232
262	234
262	239
262	243
262	250
262	254
262	265
262	272
262	273
262	276
262	285
262	287
262	288
262	291
262	294
262	295
262	296
263	208
263	210
263	218
263	235
263	240
263	247
263	248
263	252
263	253
263	254
263	259
263	264
263	266
263	272
263	274
263	282
263	285
263	286
263	288
263	294
263	295
263	296
263	297
263	299
264	202
264	208
264	218
264	224
264	226
264	229
264	230
264	239
264	242
264	243
264	245
264	253
264	263
264	272
264	274
264	275
264	277
264	279
264	282
264	284
264	285
264	286
264	291
264	294
265	203
265	217
265	226
265	227
265	234
265	240
265	249
265	251
265	253
265	254
265	256
265	262
265	267
265	270
265	272
265	274
265	282
265	284
265	286
265	294
265	295
265	297
265	299
266	204
266	210
266	211
266	213
266	219
266	226
266	232
266	242
266	244
266	245
266	254
266	263
266	267
266	270
266	276
266	277
266	285
266	286
266	289
266	292
266	294
266	296
266	297
266	300
267	206
267	208
267	216
267	217
267	219
267	223
267	225
267	229
267	232
267	245
267	247
267	254
267	265
267	266
267	268
267	272
267	286
267	289
267	291
267	294
267	295
267	296
267	297
268	220
268	228
268	231
268	235
268	236
268	241
268	250
268	260
268	261
268	267
268	269
268	271
268	275
268	277
268	278
268	279
268	281
268	282
268	283
268	287
268	290
268	292
268	293
268	298
268	300
269	202
269	214
269	233
269	246
269	251
269	255
269	257
269	258
269	261
269	268
269	270
269	271
269	273
269	275
269	278
269	279
269	280
269	283
269	287
269	290
269	292
269	293
269	294
269	298
269	299
270	201
270	204
270	213
270	219
270	227
270	230
270	232
270	234
270	237
270	245
270	246
270	253
270	254
270	256
270	259
270	265
270	266
270	269
270	271
270	272
270	285
270	289
270	291
270	297
270	299
271	207
271	228
271	231
271	238
271	241
271	250
271	251
271	252
271	258
271	261
271	268
271	269
271	270
271	273
271	278
271	279
271	280
271	281
271	289
271	290
271	292
271	293
271	296
271	298
271	300
272	183
272	205
272	217
272	222
272	224
272	226
272	230
272	232
272	247
272	253
272	259
272	262
272	263
272	264
272	265
272	267
272	270
272	276
272	283
272	288
272	291
272	292
272	295
272	297
272	299
273	202
273	228
273	231
273	233
273	236
273	237
273	238
273	250
273	252
273	255
273	257
273	258
273	261
273	262
273	269
273	271
273	279
273	280
273	283
273	287
273	292
273	293
273	298
273	299
273	300
274	206
274	211
274	215
274	218
274	225
274	230
274	232
274	237
274	242
274	245
274	247
274	248
274	249
274	253
274	263
274	264
274	265
274	277
274	282
274	284
274	285
274	286
274	291
274	294
274	295
274	297
275	221
275	228
275	233
275	238
275	240
275	251
275	252
275	255
275	257
275	258
275	260
275	261
275	264
275	268
275	269
275	277
275	279
275	281
275	283
275	284
275	287
275	290
275	292
275	293
275	298
275	300
276	206
276	211
276	216
276	224
276	225
276	229
276	230
276	236
276	239
276	240
276	243
276	244
276	254
276	256
276	259
276	262
276	266
276	272
276	281
276	286
276	288
276	294
276	295
276	296
276	297
277	203
277	210
277	216
277	219
277	224
277	226
277	229
277	230
277	242
277	247
277	248
277	256
277	259
277	264
277	266
277	268
277	274
277	275
277	280
277	282
277	284
277	286
277	288
277	289
277	291
277	294
277	296
278	213
278	214
278	215
278	221
278	223
278	231
278	236
278	238
278	241
278	246
278	251
278	252
278	258
278	260
278	268
278	269
278	271
278	280
278	283
278	285
278	287
278	290
278	292
278	293
278	298
278	299
278	300
279	209
279	214
279	220
279	221
279	231
279	235
279	236
279	246
279	251
279	252
279	256
279	257
279	260
279	264
279	268
279	269
279	271
279	273
279	275
279	281
279	285
279	287
279	290
279	292
279	293
279	298
279	300
280	202
280	209
280	220
280	221
280	233
280	236
280	238
280	240
280	246
280	249
280	250
280	251
280	253
280	255
280	257
280	260
280	269
280	271
280	273
280	277
280	278
280	281
280	283
280	290
280	292
280	293
280	298
280	300
281	209
281	214
281	215
281	221
281	228
281	229
281	236
281	238
281	240
281	246
281	248
281	252
281	255
281	257
281	258
281	268
281	271
281	275
281	276
281	279
281	280
281	283
281	287
281	290
281	293
281	298
281	299
281	300
282	203
282	204
282	206
282	209
282	210
282	213
282	216
282	217
282	223
282	224
282	230
282	237
282	242
282	247
282	248
282	254
282	260
282	263
282	264
282	265
282	268
282	274
282	277
282	288
282	289
282	291
282	294
282	297
283	202
283	205
283	207
283	220
283	231
283	236
283	238
283	241
283	246
283	250
283	251
283	252
283	255
283	258
283	261
283	268
283	269
283	272
283	273
283	275
283	278
283	280
283	281
283	284
283	290
283	292
283	293
283	296
283	298
283	300
284	210
284	212
284	224
284	230
284	232
284	234
284	239
284	243
284	248
284	253
284	254
284	256
284	259
284	264
284	265
284	274
284	275
284	277
284	283
284	285
284	286
284	288
284	289
284	291
284	294
284	295
284	296
284	297
284	299
285	205
285	206
285	211
285	212
285	219
285	222
285	223
285	226
285	227
285	239
285	243
285	247
285	249
285	254
285	259
285	262
285	263
285	264
285	266
285	270
285	274
285	278
285	279
285	284
285	286
285	288
285	289
285	291
285	295
285	300
286	201
286	205
286	206
286	216
286	224
286	229
286	231
286	232
286	237
286	239
286	240
286	245
286	248
286	249
286	253
286	263
286	264
286	265
286	266
286	267
286	274
286	276
286	277
286	284
286	285
286	288
286	295
286	296
286	297
286	299
287	202
287	209
287	214
287	220
287	228
287	231
287	232
287	233
287	236
287	241
287	246
287	250
287	251
287	252
287	255
287	257
287	258
287	262
287	268
287	269
287	273
287	275
287	278
287	279
287	281
287	290
287	293
287	296
287	298
287	299
287	300
288	201
288	203
288	205
288	206
288	208
288	210
288	213
288	215
288	228
288	234
288	237
288	243
288	247
288	248
288	249
288	253
288	256
288	262
288	263
288	272
288	276
288	277
288	282
288	284
288	285
288	286
288	289
288	291
288	296
288	297
288	299
289	208
289	211
289	213
289	214
289	218
289	223
289	224
289	225
289	226
289	232
289	234
289	237
289	248
289	253
289	254
289	255
289	259
289	266
289	267
289	270
289	271
289	277
289	282
289	284
289	285
289	288
289	291
289	294
289	295
289	296
289	297
290	207
290	209
290	214
290	215
290	220
290	221
290	231
290	235
290	236
290	238
290	240
290	242
290	243
290	246
290	251
290	252
290	255
290	261
290	268
290	269
290	271
290	275
290	278
290	279
290	280
290	281
290	283
290	287
290	291
290	292
290	293
290	298
290	300
291	80
291	204
291	207
291	208
291	213
291	216
291	223
291	224
291	227
291	232
291	237
291	243
291	244
291	254
291	256
291	257
291	262
291	264
291	267
291	270
291	272
291	274
291	277
291	282
291	284
291	285
291	288
291	289
291	290
291	294
291	295
291	297
292	202
292	203
292	205
292	207
292	209
292	220
292	221
292	228
292	231
292	233
292	235
292	238
292	240
292	241
292	250
292	251
292	255
292	260
292	261
292	266
292	268
292	269
292	271
292	272
292	273
292	275
292	278
292	279
292	280
292	283
292	290
292	293
292	298
292	300
293	201
293	202
293	205
293	206
293	207
293	211
293	214
293	215
293	232
293	233
293	235
293	240
293	251
293	252
293	257
293	258
293	260
293	261
293	268
293	269
293	271
293	273
293	275
293	278
293	279
293	280
293	281
293	283
293	287
293	290
293	292
293	298
293	299
293	300
294	203
294	208
294	211
294	212
294	216
294	225
294	237
294	240
294	242
294	244
294	245
294	247
294	249
294	252
294	253
294	254
294	260
294	262
294	263
294	264
294	265
294	266
294	267
294	269
294	274
294	276
294	277
294	282
294	284
294	289
294	291
294	295
294	296
294	297
294	299
295	204
295	210
295	211
295	213
295	217
295	222
295	225
295	227
295	230
295	234
295	237
295	239
295	242
295	245
295	246
295	248
295	249
295	256
295	259
295	262
295	263
295	265
295	267
295	272
295	274
295	276
295	284
295	285
295	286
295	289
295	291
295	294
295	296
295	297
295	298
296	201
296	204
296	205
296	212
296	213
296	217
296	218
296	219
296	221
296	222
296	224
296	226
296	234
296	237
296	239
296	242
296	247
296	249
296	253
296	256
296	259
296	262
296	263
296	266
296	267
296	271
296	276
296	277
296	283
296	284
296	286
296	287
296	288
296	289
296	294
296	295
296	299
297	201
297	204
297	206
297	208
297	210
297	213
297	225
297	227
297	234
297	235
297	239
297	241
297	242
297	244
297	245
297	247
297	249
297	253
297	257
297	263
297	265
297	266
297	267
297	270
297	272
297	274
297	276
297	282
297	284
297	286
297	288
297	289
297	291
297	294
297	295
297	299
298	202
298	205
298	209
298	214
298	215
298	227
298	228
298	233
298	235
298	236
298	238
298	241
298	243
298	248
298	250
298	251
298	252
298	255
298	258
298	260
298	261
298	268
298	269
298	271
298	273
298	275
298	278
298	279
298	280
298	281
298	283
298	287
298	290
298	292
298	293
298	295
298	299
298	300
299	202
299	204
299	210
299	212
299	213
299	215
299	220
299	227
299	228
299	237
299	241
299	242
299	244
299	246
299	249
299	252
299	254
299	258
299	259
299	260
299	263
299	265
299	269
299	270
299	272
299	273
299	278
299	281
299	284
299	286
299	287
299	288
299	293
299	294
299	296
299	297
299	298
299	300
300	201
300	202
300	207
300	209
300	214
300	220
300	228
300	231
300	233
300	235
300	236
300	238
300	240
300	241
300	246
300	250
300	255
300	257
300	258
300	259
300	260
300	261
300	266
300	268
300	271
300	273
300	275
300	278
300	279
300	280
300	281
300	283
300	285
300	287
300	290
300	292
300	293
300	298
300	299
1000	261
1000	1

