1.0 0.0
0.714285714286 0.0
0.666666666667 0.0
0.631578947368 0.0
0.625 0.0
0.6 0.0
0.571428571429 0.0384615384615
0.545454545455 0.0662393162393
0.5 0.108974358974
0.454545454545 0.266239316239
0.428571428571 0.266239316239
0.416666666667 0.208485958486
0.411764705882 0.208485958486
0.4 0.22557997558
0.375 0.189458689459
0.357142857143 0.224928774929
0.333333333333 0.284757834758
0.307692307692 0.174722336487
0.3 0.127521367521
0.294117647059 0.109658119658
0.285714285714 0.109658119658
0.277777777778 0.141025641026
0.272727272727 0.141025641026
0.266666666667 0.141025641026
0.263157894737 0.141025641026
0.260869565217 0.119658119658
0.25 0.119658119658
0.235294117647 0.114265364265
0.230769230769 0.152726902727
0.222222222222 0.152726902727
0.214285714286 0.152726902727
0.210526315789 0.156355989689
0.2 0.156355989689
0.190476190476 0.0852272727273
0.181818181818 0.0852272727273
0.176470588235 0.0852272727273
0.166666666667 0.0852272727273
0.157894736842 0.0852272727273
0.153846153846 0.0852272727273
0.15 0.0852272727273
0.142857142857 0.0852272727273
0.133333333333 0.0852272727273
0.129032258065 0.0852272727273
0.125 0.0852272727273
0.12 0.0852272727273
0.117647058824 0.0852272727273
0.111111111111 0.0852272727273
0.105263157895 0.0852272727273
0.1 0.0852272727273
0.0952380952381 0.0852272727273
0.0909090909091 0.0852272727273
0.0833333333333 0.0852272727273
0.0769230769231 0.0852272727273
0.0714285714286 0.0852272727273
0.0666666666667 0.0852272727273
0.0625 0.0852272727273
0.0588235294118 0.0852272727273
0.0526315789474 0.0852272727273
0.05 0.0852272727273
0.047619047619 0.0852272727273
0.0416666666667 0.0852272727273
0.0 0.0852272727273
