seed vertex:0
intermediate result:[0, 4, 5, 6, 7, 9, 10, 11, 13, 14, 15, 22]
current result community:[[0, 4, 5, 6, 7, 9, 10, 11, 13, 14, 15, 22]]

seed vertex:1
intermediate result:[1, 7, 13, 14, 15, 17]
current result community:[[0, 1, 4, 5, 6, 7, 9, 10, 11, 13, 14, 15, 17, 22]]

seed vertex:2
intermediate result:[2, 7, 8, 12, 19, 20, 21]
current result community:[[0, 1, 4, 5, 6, 7, 9, 10, 11, 13, 14, 15, 17, 22], [2, 7, 8, 12, 19, 20, 21]]

seed vertex:3
intermediate result:[3, 7, 11, 12]
current result community:[[0, 1, 4, 5, 6, 7, 9, 10, 11, 13, 14, 15, 17, 22], [2, 7, 8, 12, 19, 20, 21], [3, 7, 11, 12]]

seed vertex:4
intermediate result:[4, 6, 9]
current result community:[[0, 1, 4, 5, 6, 7, 9, 10, 11, 13, 14, 15, 17, 22], [2, 7, 8, 12, 19, 20, 21], [3, 7, 11, 12]]

seed vertex:5
intermediate result:[5, 6, 9, 22]
current result community:[[0, 1, 4, 5, 6, 7, 9, 10, 11, 13, 14, 15, 17, 22], [2, 7, 8, 12, 19, 20, 21], [3, 7, 11, 12]]

seed vertex:6
intermediate result:[4, 5, 6, 22]
current result community:[[0, 1, 4, 5, 6, 7, 9, 10, 11, 13, 14, 15, 17, 22], [2, 7, 8, 12, 19, 20, 21], [3, 7, 11, 12]]

seed vertex:7
intermediate result:[1, 3, 7]
current result community:[[0, 1, 3, 4, 5, 6, 7, 9, 10, 11, 13, 14, 15, 17, 22], [2, 7, 8, 12, 19, 20, 21], [3, 7, 11, 12]]

seed vertex:8
intermediate result:[8, 17]
current result community:[[0, 1, 3, 4, 5, 6, 7, 9, 10, 11, 13, 14, 15, 17, 22], [2, 7, 8, 12, 19, 20, 21], [3, 7, 11, 12]]

seed vertex:9
intermediate result:[4, 5, 9]
current result community:[[0, 1, 3, 4, 5, 6, 7, 9, 10, 11, 13, 14, 15, 17, 22], [2, 7, 8, 12, 19, 20, 21], [3, 7, 11, 12]]

seed vertex:10
intermediate result:[0, 10]
current result community:[[0, 1, 3, 4, 5, 6, 7, 9, 10, 11, 13, 14, 15, 17, 22], [2, 7, 8, 12, 19, 20, 21], [3, 7, 11, 12]]

seed vertex:11
intermediate result:[3, 11]
current result community:[[0, 1, 3, 4, 5, 6, 7, 9, 10, 11, 13, 14, 15, 17, 22], [2, 7, 8, 12, 19, 20, 21], [3, 7, 11, 12]]

seed vertex:12
intermediate result:[1, 3, 12]
current result community:[[0, 1, 3, 4, 5, 6, 7, 9, 10, 11, 12, 13, 14, 15, 17, 22], [2, 7, 8, 12, 19, 20, 21], [3, 7, 11, 12]]

seed vertex:13
intermediate result:[1, 13]
current result community:[[0, 1, 3, 4, 5, 6, 7, 9, 10, 11, 12, 13, 14, 15, 17, 22], [2, 7, 8, 12, 19, 20, 21], [3, 7, 11, 12]]

seed vertex:14
intermediate result:[1, 14]
current result community:[[0, 1, 3, 4, 5, 6, 7, 9, 10, 11, 12, 13, 14, 15, 17, 22], [2, 7, 8, 12, 19, 20, 21], [3, 7, 11, 12]]

seed vertex:15
intermediate result:[1, 15]
current result community:[[0, 1, 3, 4, 5, 6, 7, 9, 10, 11, 12, 13, 14, 15, 17, 22], [2, 7, 8, 12, 19, 20, 21], [3, 7, 11, 12]]

seed vertex:16
intermediate result:[16, 21, 30, 32]
current result community:[[0, 1, 3, 4, 5, 6, 7, 9, 10, 11, 12, 13, 14, 15, 17, 22], [2, 7, 8, 12, 19, 20, 21], [3, 7, 11, 12], [16, 21, 30, 32]]

seed vertex:17
intermediate result:[8, 17]
current result community:[[0, 1, 3, 4, 5, 6, 7, 9, 10, 11, 12, 13, 14, 15, 17, 22], [2, 7, 8, 12, 19, 20, 21], [3, 7, 11, 12], [16, 21, 30, 32]]

seed vertex:18
intermediate result:[17, 18, 24, 25, 26, 27, 28, 31]
current result community:[[0, 1, 3, 4, 5, 6, 7, 9, 10, 11, 12, 13, 14, 15, 17, 22], [2, 7, 8, 12, 19, 20, 21], [3, 7, 11, 12], [16, 21, 30, 32], [17, 18, 24, 25, 26, 27, 28, 31]]

seed vertex:19
intermediate result:[2, 19]
current result community:[[0, 1, 3, 4, 5, 6, 7, 9, 10, 11, 12, 13, 14, 15, 17, 22], [2, 7, 8, 12, 19, 20, 21], [3, 7, 11, 12], [16, 21, 30, 32], [17, 18, 24, 25, 26, 27, 28, 31]]

seed vertex:20
intermediate result:[20, 29, 32]
current result community:[[0, 1, 3, 4, 5, 6, 7, 9, 10, 11, 12, 13, 14, 15, 17, 22], [2, 7, 8, 12, 19, 20, 21], [3, 7, 11, 12], [16, 21, 30, 32], [17, 18, 24, 25, 26, 27, 28, 31], [20, 29, 32]]

seed vertex:21
intermediate result:[16, 21]
current result community:[[0, 1, 3, 4, 5, 6, 7, 9, 10, 11, 12, 13, 14, 15, 17, 22], [2, 7, 8, 12, 19, 20, 21], [3, 7, 11, 12], [16, 21, 30, 32], [17, 18, 24, 25, 26, 27, 28, 31], [20, 29, 32]]

seed vertex:22
intermediate result:[5, 6, 22]
current result community:[[0, 1, 3, 4, 5, 6, 7, 9, 10, 11, 12, 13, 14, 15, 17, 22], [2, 7, 8, 12, 19, 20, 21], [3, 7, 11, 12], [16, 21, 30, 32], [17, 18, 24, 25, 26, 27, 28, 31], [20, 29, 32]]

seed vertex:23
intermediate result:[14, 17, 19, 20, 21, 23, 24, 25, 26, 27, 28, 31, 33]
current result community:[[0, 1, 3, 4, 5, 6, 7, 9, 10, 11, 12, 13, 14, 15, 17, 22], [2, 7, 8, 12, 19, 20, 21], [3, 7, 11, 12], [16, 21, 30, 32], [14, 17, 18, 19, 20, 21, 23, 24, 25, 26, 27, 28, 31, 33], [20, 29, 32]]

seed vertex:24
intermediate result:[18, 24]
current result community:[[0, 1, 3, 4, 5, 6, 7, 9, 10, 11, 12, 13, 14, 15, 17, 22], [2, 7, 8, 12, 19, 20, 21], [3, 7, 11, 12], [16, 21, 30, 32], [14, 17, 18, 19, 20, 21, 23, 24, 25, 26, 27, 28, 31, 33], [20, 29, 32]]

seed vertex:25
intermediate result:[18, 25]
current result community:[[0, 1, 3, 4, 5, 6, 7, 9, 10, 11, 12, 13, 14, 15, 17, 22], [2, 7, 8, 12, 19, 20, 21], [3, 7, 11, 12], [16, 21, 30, 32], [14, 17, 18, 19, 20, 21, 23, 24, 25, 26, 27, 28, 31, 33], [20, 29, 32]]

seed vertex:26
intermediate result:[18, 26]
current result community:[[0, 1, 3, 4, 5, 6, 7, 9, 10, 11, 12, 13, 14, 15, 17, 22], [2, 7, 8, 12, 19, 20, 21], [3, 7, 11, 12], [16, 21, 30, 32], [14, 17, 18, 19, 20, 21, 23, 24, 25, 26, 27, 28, 31, 33], [20, 29, 32]]

seed vertex:27
intermediate result:[18, 27]
current result community:[[0, 1, 3, 4, 5, 6, 7, 9, 10, 11, 12, 13, 14, 15, 17, 22], [2, 7, 8, 12, 19, 20, 21], [3, 7, 11, 12], [16, 21, 30, 32], [14, 17, 18, 19, 20, 21, 23, 24, 25, 26, 27, 28, 31, 33], [20, 29, 32]]

seed vertex:28
intermediate result:[18, 28]
current result community:[[0, 1, 3, 4, 5, 6, 7, 9, 10, 11, 12, 13, 14, 15, 17, 22], [2, 7, 8, 12, 19, 20, 21], [3, 7, 11, 12], [16, 21, 30, 32], [14, 17, 18, 19, 20, 21, 23, 24, 25, 26, 27, 28, 31, 33], [20, 29, 32]]

seed vertex:29
intermediate result:[20, 29, 30, 31]
current result community:[[0, 1, 3, 4, 5, 6, 7, 9, 10, 11, 12, 13, 14, 15, 17, 22], [2, 7, 8, 12, 19, 20, 21], [3, 7, 11, 12], [16, 21, 30, 32], [14, 17, 18, 19, 20, 21, 23, 24, 25, 26, 27, 28, 31, 33], [20, 29, 30, 31, 32]]

seed vertex:30
intermediate result:[29, 30, 32]
current result community:[[0, 1, 3, 4, 5, 6, 7, 9, 10, 11, 12, 13, 14, 15, 17, 22], [2, 7, 8, 12, 19, 20, 21], [3, 7, 11, 12], [16, 21, 29, 30, 32], [14, 17, 18, 19, 20, 21, 23, 24, 25, 26, 27, 28, 31, 33], [20, 29, 30, 31, 32]]

seed vertex:31
intermediate result:[29, 31, 33]
current result community:[[0, 1, 3, 4, 5, 6, 7, 9, 10, 11, 12, 13, 14, 15, 17, 22], [2, 7, 8, 12, 19, 20, 21], [3, 7, 11, 12], [16, 21, 29, 30, 32], [14, 17, 18, 19, 20, 21, 23, 24, 25, 26, 27, 28, 29, 31, 33], [20, 29, 30, 31, 32]]

seed vertex:32
intermediate result:[20, 30, 32]
current result community:[[0, 1, 3, 4, 5, 6, 7, 9, 10, 11, 12, 13, 14, 15, 17, 22], [2, 7, 8, 12, 19, 20, 21], [3, 7, 11, 12], [16, 20, 21, 29, 30, 32], [14, 17, 18, 19, 20, 21, 23, 24, 25, 26, 27, 28, 29, 31, 33], [20, 29, 30, 31, 32]]

seed vertex:33
intermediate result:[31, 33]
current result community:[[0, 1, 3, 4, 5, 6, 7, 9, 10, 11, 12, 13, 14, 15, 17, 22], [2, 7, 8, 12, 19, 20, 21], [3, 7, 11, 12], [16, 20, 21, 29, 30, 32], [14, 17, 18, 19, 20, 21, 23, 24, 25, 26, 27, 28, 29, 31, 33], [20, 29, 30, 31, 32]]

idx to name dict:[(0, 0), (1, 1), (2, 2), (3, 3), (4, 4), (5, 5), (6, 6), (7, 7), (8, 8), (9, 10), (10, 11), (11, 12), (12, 13), (13, 17), (14, 19), (15, 21), (16, 31), (17, 30), (18, 32), (19, 9), (20, 27), (21, 28), (22, 16), (23, 33), (24, 14), (25, 15), (26, 18), (27, 20), (28, 22), (29, 23), (30, 25), (31, 29), (32, 24), (33, 26)]

whole execution time:1 ms

idx result:[[0, 1, 3, 4, 5, 6, 7, 9, 10, 11, 12, 13, 14, 15, 17, 22], [2, 7, 8, 12, 19, 20, 21], [3, 7, 11, 12], [16, 20, 21, 29, 30, 32], [14, 17, 18, 19, 20, 21, 23, 24, 25, 26, 27, 28, 29, 31, 33], [20, 29, 30, 31, 32]]

name result:[[0, 1, 3, 4, 5, 6, 7, 10, 11, 12, 13, 17, 19, 21, 30, 16], [2, 7, 8, 13, 9, 27, 28], [3, 7, 12, 13], [31, 27, 28, 23, 25, 24], [19, 30, 32, 9, 27, 28, 33, 14, 15, 18, 20, 22, 23, 29, 26], [27, 23, 25, 29, 24]]

comm size:6

