/home/cheyulin/anaconda2/bin/python /home/cheyulin/GitRepos/CommunityDetectionCodes/Prensentation/algorithms/local_expansion/cis_algo.py
[(1, 2), (1, 3), (2, 3), (3, 4), (3, 5), (4, 5), (4, 6), (5, 6), (6, 8), (6, 7), (7, 8), (7, 9)]
[(1, 2), (1, 3), (2, 3)]

seed: set([1])
[2, 3]
w_in 1 [(1, 2)]
w_all 3 [(1, 2), (1, 3), (2, 3)]
add neighbor: 2 set([1, 2]) w_in: 1 w_all: 3
[2, 3, 3, 1]
w_in 3 [(1, 2), (1, 3), (2, 3)]
w_all 6 [(1, 2), (1, 3), (2, 3), (3, 4), (3, 5), (4, 5)]
add neighbor: 3 set([1, 2, 3]) w_in: 3 w_all: 6
[3, 1, 4, 2, 1, 3, 5, 2]
set([1, 2, 3])

----------------------------

seed: set([2])
[3, 1]
w_in 1 [(2, 3)]
w_all 6 [(1, 2), (1, 3), (2, 3), (3, 4), (3, 5), (4, 5)]
add neighbor: 3 set([2, 3]) w_in: 1 w_all: 6
[2, 1, 3, 4, 1, 5]
w_in 3 [(1, 2), (1, 3), (2, 3)]
w_all 6 [(1, 2), (1, 3), (2, 3), (3, 4), (3, 5), (4, 5)]
add neighbor: 1 set([1, 2, 3]) w_in: 3 w_all: 6
[2, 2, 1, 3, 3, 4, 5, 1]
set([1, 2, 3])

----------------------------

seed: set([3])
[2, 1, 4, 5]
w_in 1 [(2, 3)]
w_all 6 [(1, 2), (1, 3), (2, 3), (3, 4), (3, 5), (4, 5)]
add neighbor: 2 set([2, 3]) w_in: 1 w_all: 6
[4, 3, 1, 2, 1, 5]
w_in 2 [(2, 3), (3, 4)]
w_all 8 [(1, 2), (1, 3), (2, 3), (3, 4), (3, 5), (4, 5), (4, 6), (5, 6)]
add neighbor: 4 set([2, 3, 4]) w_in: 2 w_all: 8
[1, 5, 2, 3, 6, 1, 3, 5, 4]
w_in 4 [(1, 2), (1, 3), (2, 3), (3, 4)]
w_all 8 [(1, 2), (1, 3), (2, 3), (3, 4), (3, 5), (4, 5), (4, 6), (5, 6)]
add neighbor: 1 set([1, 2, 3, 4]) w_in: 4 w_all: 8
[6, 5, 1, 5, 3, 1, 4, 3, 3, 2, 2]
w_in 6 [(1, 2), (1, 3), (2, 3), (3, 4), (3, 5), (4, 5)]
w_all 8 [(1, 2), (1, 3), (2, 3), (3, 4), (3, 5), (4, 5), (4, 6), (5, 6)]
add neighbor: 5 set([1, 2, 3, 4, 5]) w_in: 6 w_all: 8
[4, 3, 3, 6, 2, 3, 2, 6, 1, 5, 1, 5, 3, 4]
set([1, 2, 3, 4, 5])

----------------------------

seed: set([4])
[3, 5, 6]
w_in 1 [(3, 4)]
w_all 8 [(1, 2), (1, 3), (2, 3), (3, 4), (3, 5), (4, 5), (4, 6), (5, 6)]
add neighbor: 3 set([3, 4]) w_in: 1 w_all: 8
[1, 5, 3, 2, 4, 6, 5]
w_in 2 [(1, 3), (3, 4)]
w_all 8 [(1, 2), (1, 3), (2, 3), (3, 4), (3, 5), (4, 5), (4, 6), (5, 6)]
add neighbor: 1 set([1, 3, 4]) w_in: 2 w_all: 8
[5, 3, 2, 2, 4, 5, 1, 3, 6]
w_in 4 [(1, 3), (3, 4), (3, 5), (4, 5)]
w_all 8 [(1, 2), (1, 3), (2, 3), (3, 4), (3, 5), (4, 5), (4, 6), (5, 6)]
add neighbor: 5 set([1, 3, 4, 5]) w_in: 4 w_all: 8
[2, 4, 2, 6, 3, 4, 5, 3, 3, 5, 1, 6]
w_in 6 [(1, 2), (1, 3), (2, 3), (3, 4), (3, 5), (4, 5)]
w_all 8 [(1, 2), (1, 3), (2, 3), (3, 4), (3, 5), (4, 5), (4, 6), (5, 6)]
add neighbor: 2 set([1, 2, 3, 4, 5]) w_in: 6 w_all: 8
[1, 1, 6, 3, 5, 2, 4, 3, 2, 3, 6, 3, 5, 4]
set([1, 2, 3, 4, 5])

----------------------------

seed: set([5])
[3, 6, 4]
w_in 1 [(3, 5)]
w_all 8 [(1, 2), (1, 3), (2, 3), (3, 4), (3, 5), (4, 5), (4, 6), (5, 6)]
add neighbor: 3 set([3, 5]) w_in: 1 w_all: 8
[2, 4, 6, 3, 1, 5, 4]
w_in 2 [(2, 3), (3, 5)]
w_all 8 [(1, 2), (1, 3), (2, 3), (3, 4), (3, 5), (4, 5), (4, 6), (5, 6)]
add neighbor: 2 set([2, 3, 5]) w_in: 2 w_all: 8
[3, 4, 5, 1, 1, 6, 4, 2, 3]
w_in 4 [(2, 3), (3, 4), (3, 5), (4, 5)]
w_all 8 [(1, 2), (1, 3), (2, 3), (3, 4), (3, 5), (4, 5), (4, 6), (5, 6)]
add neighbor: 4 set([2, 3, 4, 5]) w_in: 4 w_all: 8
[3, 5, 4, 5, 3, 3, 2, 1, 6, 6, 1, 4]
w_in 6 [(1, 2), (1, 3), (2, 3), (3, 4), (3, 5), (4, 5)]
w_all 8 [(1, 2), (1, 3), (2, 3), (3, 4), (3, 5), (4, 5), (4, 6), (5, 6)]
add neighbor: 1 set([1, 2, 3, 4, 5]) w_in: 6 w_all: 8
[3, 1, 4, 5, 3, 6, 5, 4, 6, 2, 2, 3, 1, 3]
set([1, 2, 3, 4, 5])

----------------------------

seed: set([6])
[8, 7, 5, 4]
w_in 1 [(8, 6)]
w_all 6 [(8, 6), (8, 7), (4, 5), (4, 6), (5, 6), (6, 7)]
add neighbor: 8 set([8, 6]) w_in: 1 w_all: 6
[7, 8, 4, 6, 5, 7]
w_in 3 [(8, 6), (8, 7), (6, 7)]
w_all 7 [(4, 5), (4, 6), (5, 6), (6, 8), (6, 7), (7, 8), (7, 9)]
add neighbor: 7 set([8, 6, 7]) w_in: 3 w_all: 7
[7, 8, 7, 6, 4, 8, 5, 6, 9]
w_in 4 [(8, 6), (8, 7), (4, 6), (6, 7)]
w_all 9 [(3, 4), (3, 5), (4, 5), (4, 6), (5, 6), (6, 8), (6, 7), (7, 8), (7, 9)]
add neighbor: 4 set([8, 4, 6, 7]) w_in: 4 w_all: 9
[3, 6, 9, 7, 6, 4, 5, 5, 8, 7, 8, 6]
w_in 5 [(8, 6), (8, 7), (9, 7), (4, 6), (6, 7)]
w_all 9 [(3, 4), (3, 5), (4, 5), (4, 6), (5, 6), (6, 8), (6, 7), (7, 8), (7, 9)]
add neighbor: 9 set([8, 9, 4, 6, 7]) w_in: 5 w_all: 9
remove member: 4 set([8, 9, 6, 7]) w_in 4 w_all: 7
[8, 8, 7, 7, 7, 9, 6, 4, 6, 5]
set([8, 9, 6, 7])

----------------------------

seed: set([7])
[6, 8, 9]
w_in 1 [(6, 7)]
w_all 7 [(4, 5), (4, 6), (5, 6), (6, 8), (6, 7), (7, 8), (7, 9)]
add neighbor: 6 set([6, 7]) w_in: 1 w_all: 7
[8, 8, 6, 7, 4, 9, 5]
w_in 3 [(8, 6), (8, 7), (6, 7)]
w_all 7 [(4, 5), (4, 6), (5, 6), (6, 8), (6, 7), (7, 8), (7, 9)]
add neighbor: 8 set([8, 6, 7]) w_in: 3 w_all: 7
[6, 7, 9, 8, 7, 8, 6, 5, 4]
w_in 4 [(8, 6), (8, 7), (9, 7), (6, 7)]
w_all 7 [(4, 5), (4, 6), (5, 6), (6, 8), (6, 7), (7, 8), (7, 9)]
add neighbor: 9 set([8, 9, 6, 7]) w_in: 4 w_all: 7
[5, 4, 7, 7, 7, 9, 6, 8, 6, 8]
set([8, 9, 6, 7])

----------------------------

seed: set([8])
[6, 7]
w_in 1 [(8, 6)]
w_all 6 [(8, 6), (8, 7), (4, 5), (4, 6), (5, 6), (6, 7)]
add neighbor: 6 set([8, 6]) w_in: 1 w_all: 6
[5, 7, 7, 8, 6, 4]
w_in 2 [(8, 6), (5, 6)]
w_all 8 [(3, 4), (3, 5), (4, 5), (4, 6), (5, 6), (6, 8), (6, 7), (7, 8)]
add neighbor: 5 set([8, 5, 6]) w_in: 2 w_all: 8
[5, 7, 8, 6, 6, 7, 4, 4, 3]
w_in 4 [(8, 6), (8, 7), (5, 6), (6, 7)]
w_all 9 [(3, 4), (3, 5), (4, 5), (4, 6), (5, 6), (6, 8), (6, 7), (7, 8), (7, 9)]
add neighbor: 7 set([8, 5, 6, 7]) w_in: 4 w_all: 9
[6, 7, 4, 9, 8, 7, 6, 6, 5, 3, 4, 8]
w_in 6 [(8, 6), (8, 7), (4, 5), (4, 6), (5, 6), (6, 7)]
w_all 9 [(3, 4), (3, 5), (4, 5), (4, 6), (5, 6), (6, 8), (6, 7), (7, 8), (7, 9)]
add neighbor: 4 set([8, 4, 5, 6, 7]) w_in: 6 w_all: 9
[3, 5, 7, 5, 8, 4, 6, 4, 8, 6, 6, 3, 6, 7, 9]
w_in 7 [(4, 5), (4, 6), (5, 6), (6, 8), (6, 7), (7, 8), (7, 9)]
w_all 9 [(3, 4), (3, 5), (4, 5), (4, 6), (5, 6), (6, 8), (6, 7), (7, 8), (7, 9)]
add neighbor: 9 set([4, 5, 6, 7, 8, 9]) w_in: 7 w_all: 9
[5, 6, 6, 9, 6, 8, 7, 4, 6, 7, 3, 7, 4, 8, 5, 3]
set([4, 5, 6, 7, 8, 9])

----------------------------

seed: set([9])
[7]
w_in 1 [(9, 7)]
w_all 4 [(8, 6), (8, 7), (9, 7), (6, 7)]
add neighbor: 7 set([9, 7]) w_in: 1 w_all: 4
[7, 6, 8, 9]
w_in 2 [(9, 7), (6, 7)]
w_all 7 [(4, 5), (4, 6), (5, 6), (6, 8), (6, 7), (7, 8), (7, 9)]
add neighbor: 6 set([9, 6, 7]) w_in: 2 w_all: 7
[7, 5, 4, 7, 6, 8, 9, 8]
w_in 3 [(9, 7), (5, 6), (6, 7)]
w_all 9 [(3, 4), (3, 5), (4, 5), (4, 6), (5, 6), (6, 8), (6, 7), (7, 8), (7, 9)]
add neighbor: 5 set([9, 5, 6, 7]) w_in: 3 w_all: 9
[4, 7, 6, 8, 8, 7, 3, 6, 9, 5, 4]
w_in 5 [(9, 7), (4, 5), (4, 6), (5, 6), (6, 7)]
w_all 9 [(3, 4), (3, 5), (4, 5), (4, 6), (5, 6), (6, 8), (6, 7), (7, 8), (7, 9)]
add neighbor: 4 set([9, 4, 5, 6, 7]) w_in: 5 w_all: 9
[4, 3, 6, 8, 6, 5, 3, 4, 7, 7, 8, 9, 6, 5]
w_in 7 [(3, 4), (3, 5), (4, 5), (4, 6), (5, 6), (6, 7), (7, 9)]
w_all 12 [(1, 2), (1, 3), (2, 3), (3, 4), (3, 5), (4, 5), (4, 6), (5, 6), (6, 8), (6, 7), (7, 8), (7, 9)]
add neighbor: 3 set([3, 4, 5, 6, 7, 9]) w_in: 7 w_all: 12
[3, 7, 5, 6, 8, 1, 8, 5, 9, 7, 3, 4, 2, 6, 5, 4, 4, 6]
w_in 9 [(3, 4), (3, 5), (4, 5), (4, 6), (5, 6), (6, 8), (6, 7), (7, 8), (7, 9)]
w_all 12 [(1, 2), (1, 3), (2, 3), (3, 4), (3, 5), (4, 5), (4, 6), (5, 6), (6, 8), (6, 7), (7, 8), (7, 9)]
add neighbor: 8 set([3, 4, 5, 6, 7, 8, 9]) w_in: 9 w_all: 12
remove member: 3 set([4, 5, 6, 7, 8, 9]) w_in 7 w_all: 9
[4, 6, 4, 6, 8, 5, 6, 7, 9, 5, 3, 7, 8, 3, 7, 6]
set([4, 5, 6, 7, 8, 9])

----------------------------


Process finished with exit code 0
